waypoints:
- latitude: 29.972053994139763
  longitude: 30.98580035717123
  yaw: -0.24148920412550184
- latitude: 29.972246892210837
  longitude: 30.985865669586406
  yaw: 0.24859665721425442
